9.059782456848225213e-04 -5.780736900610624132e-03 2.409022284680489498e-02 -7.483201292247483594e-02 -1.806206647159117884e-01 -3.409454583223715529e-01 4.976759794397332404e-01 -5.554358053331507339e-01 -4.679141848703234352e-01 2.641665468149849150e-01
1.211352369742506839e-02 -5.670968309684397413e-02 1.669726460058973960e-01 -3.467562542899377265e-01 -5.111850427490762794e-01 -4.914334115252173563e-01 1.967212872370107113e-01 2.044061098722686209e-01 4.133634243844660494e-01 -3.071646478119635648e-01
7.151479109655507760e-02 -2.353962409541834888e-01 4.498870537586736607e-01 -5.159620763416314926e-01 -2.437163663917713274e-01 2.194747379278700894e-01 -3.980501575782403600e-01 8.899098140330204132e-02 -3.031673914396961766e-01 3.240654274207271368e-01
2.357928149038618082e-01 -4.920523862077836874e-01 4.663191659550082746e-01 -1.869411894166328469e-02 3.868908938127677555e-01 1.939115379344991119e-01 2.872077280405567756e-01 -2.691413549822084250e-01 1.810390116118299475e-01 -3.309024675857356601e-01
4.778398264085035319e-01 -4.809825557085171677e-01 -7.963866911030322016e-02 4.103317404755411624e-01 -1.961435482228367916e-02 -3.635885592874880667e-01 -4.796252778606614753e-02 3.415927186677600313e-01 -5.914843743796505821e-02 3.324823845153120905e-01
6.177705279897176549e-01 -8.920137029022567193e-03 -4.328379755838157594e-01 -1.122461106419611193e-01 -3.300977259671065145e-01 2.402391065527134939e-01 -1.895360013653387410e-01 -3.207486568367418078e-01 -5.828062848337239865e-02 -3.308361197065579629e-01
5.087307394627832435e-01 4.661006450411718793e-01 2.440286048086805215e-02 -3.563649958395228579e-01 3.090981996180244273e-01 6.155078196753523134e-02 3.358901697289477517e-01 2.200406446267374749e-01 1.699516565263137768e-01 3.269523831175616957e-01
2.557117112906708845e-01 4.626872966357368777e-01 4.869271494993900329e-01 2.613448504512665971e-01 9.295574607989519345e-02 -3.446934370853166896e-01 -3.253550655784169243e-01 -4.892687248719138071e-02 -2.760341502588926632e-01 -3.213002653386577423e-01
7.009921417131888266e-02 1.889166327750857188e-01 3.396205677850032134e-01 4.596361878267959944e-01 -4.752673717504436457e-01 3.465061119181501725e-01 9.619718293013974908e-02 -1.901070618140158763e-01 3.779896106454496696e-01 3.139629784744852325e-01
7.691260845101282467e-03 2.794684669751684378e-02 7.043551423346024187e-02 1.416334804134542491e-01 -2.399437904886451700e-01 3.519922338124366057e-01 4.544566260219693454e-01 5.126743988809335795e-01 -4.802620860443753137e-01 -3.043838416764205190e-01
