3.149772337795764786e-03 -1.405450442811624623e-02 -4.281419530129712547e-02 -1.021581177136531154e-01 2.008376090959499982e-01 3.321420958601314366e-01 4.634791758917708449e-01 5.373813992379035120e-01 4.924624193902313873e-01 -3.012609287507845846e-01
3.731245742707182955e-02 -1.229525346845134343e-01 -2.658355404834230606e-01 -4.248955911184377210e-01 5.091792809750741444e-01 4.250339944534494707e-01 1.577862012006205905e-01 -1.766723376907381182e-01 -3.784189562704255438e-01 3.050536240152321166e-01
1.698960605339465135e-01 -3.850561414782222025e-01 -5.140804550876930668e-01 -3.943974014912878245e-01 3.661142464114391926e-02 -3.122308539389044291e-01 -3.589102316835874884e-01 -6.395106240537438980e-02 2.759134062955260203e-01 -3.085061892239518988e-01
4.135096630940615636e-01 -5.330063560747729801e-01 -2.161655458120154971e-01 2.600039993682039530e-01 -3.777828422593462743e-01 -2.366037216703038501e-02 3.298851805627026068e-01 2.237860765475488678e-01 -1.766309730425169033e-01 3.117719196176100827e-01
6.061609728076257086e-01 -1.979856916700208080e-01 3.750665058374458849e-01 2.579355370810618719e-01 2.607921171856473208e-01 2.950719629948615474e-01 -1.655786359889939718e-01 -3.139711033778024851e-01 7.702805604984813703e-02 -3.148927821426955043e-01
5.593378239493872472e-01 3.601200004729445681e-01 2.470160900656762915e-01 -3.696556901937776418e-01 1.262639633861551702e-01 -3.545676606317357260e-01 -6.150823283202346003e-02 3.356446458621255569e-01 2.523410663639168855e-02 3.178904533944819644e-01
3.244733783224804657e-01 5.331891376172001040e-01 -3.680028634951196254e-01 -1.105676885453391323e-01 -4.004211067390280321e-01 1.561198392913719923e-01 2.780029989206291852e-01 -2.834499264550001119e-01 -1.323687240378282892e-01 -3.208014568764821495e-01
1.128565957664184327e-01 3.044506678078063855e-01 -4.885585496360281277e-01 4.806082363499273313e-01 1.853288426606589379e-01 2.243397778841526025e-01 -3.916725942557521267e-01 1.444581345102740610e-01 2.473142109929054866e-01 3.237042444180117107e-01
2.076972371308315538e-02 7.999759790799082504e-02 -1.999860353687480108e-01 3.665997199628223124e-01 5.028261192265254254e-01 -4.898106999946864049e-01 2.579350988128495392e-01 1.088628057410371691e-01 -3.753375198656601075e-01 -3.267579017996364299e-01
1.433342675611806727e-03 7.477118054325218414e-03 -2.627435516222221407e-02 7.138031792009981447e-02 1.576939333706771917e-01 -2.890983587843792280e-01 4.407115046850100804e-01 -5.491264557906051502e-01 5.299235956004124670e-01 3.303419395870393904e-01
