3.012107161257761355e-04 -2.106617076660220137e-03 9.721351499386576833e-03 -3.392857231868665058e-02 -9.406256645274574391e-02 -2.110141543997804681e-01 3.829079644561610429e-01 -5.503788666572052568e-01 -5.901069307216263438e-01 -3.842050015093210757e-01
6.432548908104634630e-03 -3.282038914282355002e-02 1.068940854400850238e-01 -2.514323280131585125e-01 -4.381070850915078085e-01 -5.473337479852491416e-01 4.200765991400268740e-01 -3.505667062858679184e-02 3.503810250218649669e-01 3.636820749114906270e-01
4.859471767064695719e-02 -1.758916085665351570e-01 3.808339065924581934e-01 -5.299716585177057793e-01 -4.112014445708623289e-01 6.430986756915072801e-03 -3.772042145878048425e-01 2.783650715062876979e-01 -1.780007231801276624e-01 -3.467187572225110537e-01
1.886734753236865292e-01 -4.441179754066963969e-01 5.226793083393541650e-01 -1.905946529716716076e-01 2.989826594785805480e-01 3.431128356606981122e-01 1.222820968620343812e-01 -3.518731565386347682e-01 4.254518184849279128e-02 3.315822550355666531e-01
4.317144129698315402e-01 -5.302949443002957786e-01 6.253785702101855026e-02 4.022094207794150167e-01 1.484260230448424256e-01 -3.408109983557700562e-01 1.326576066915605978e-01 3.247091039805857227e-01 6.822612106944314636e-02 -3.175771853027407610e-01
6.149205458279991543e-01 -1.230575124913362572e-01 -4.339178579498500499e-01 2.768486023649443378e-02 -3.790781542675266125e-01 1.037071599854606369e-01 -3.009084173430219278e-01 -2.327572682028165307e-01 -1.609370796946497373e-01 3.043031790485485333e-01
5.493798097391445756e-01 4.177275000078987666e-01 -9.034073635681762193e-02 -4.014323319098139775e-01 2.142987507959009108e-01 1.947500732482224939e-01 3.445818627662765032e-01 9.666153901445556640e-02 2.397830341963456680e-01 -2.914594864757220072e-01
2.966816585065525369e-01 4.980697537514206519e-01 4.629050044796119701e-01 1.655239297548689870e-01 2.029219755981271911e-01 -3.788101826587039755e-01 -2.449189579760385760e-01 7.177848624799149091e-02 -3.077598165498349747e-01 2.787458788871300386e-01
8.690684437986627431e-02 2.247453354710823858e-01 3.844001676187883132e-01 4.872604862840346773e-01 -4.557156390794150913e-01 2.673812040228732978e-01 -1.554736403130682447e-02 -2.678871203440419402e-01 3.673677173951224728e-01 -2.657381092351812635e-01
1.018877911562133393e-02 3.610624829128519786e-02 8.859658207116932749e-02 1.729931104670730524e-01 -2.832465340727479686e-01 3.978771845183330380e-01 4.822588703200042515e-01 4.986794963565001626e-01 -4.216467745585608662e-01 2.514773218043678260e-01
